perth = [115.5550415094,-32.7885221785,116.0567258875,-31.4781991154]

sydney = [150.2431,-34.4403,151.5079,-33.3347]

melbourne = [144.5937,-38.5047,145.6299,-37.5113]

canberra = [148.7828,-35.9149,149.4063,-35.1213]

brisbane = [152.6685,-27.7674,153.5398,-26.9968]

adelaide = [138.4421299,-35.3489699,138.9634089955,-34.652564]